((("unit_m_to_Msun" .
   [0 0 0 0 0 1 0 1 1 0 0 0 0 0])
  ("float" .
   [1 0 0 0 0])
  ("r.ds1.mass_unit.to" .
   [1 0 0 0 0 0 0 0 0 0 0 0 0 0 0 0 0 0])
  ("r.ds1.mass_unit" .
   [0 0 0 0 0 0 0 0 0 0 0 1 0 0 0])
  ("r.ds1" .
   [1 0 0 0 0])
  ("r.unit_m" .
   [1 0 0 0 0 0 0 0])
  ("len" .
   [1 0 0])
  ("rs" .
   [3 0])
  ("pos_bl" .
   [1 0 0 0 0 0])
  ("r" .
   [1])
  ("r.boxlen" .
   [1 0 0 0 0 0 0 0])
  ("histtype=" .
   [1 0 0 0 0 0 0 0 0])
  ("ax.get_ylim" .
   [1 0 0 0 0 0 0 0 0 0 0])
  ("None" .
   [1 0 0 0])
  ("ppdis_li.max" .
   [1 0 0 0 0 0 0 0 0 0 0 0])
  ("plt.gca" .
   [2 0 0 0 0 0 0])
  ("plt.figure" .
   [1 0 0 0 0 0 0 0 0 0])
  ("format" .
   [0 0 0 1 0 0])
  ("ppdis_li.min" .
   [1 0 0 0 0 0 0 0 0 0 0 0])
  ("ppdis_li" .
   [6 0 0 0 0 0 0 0])
  ("pass" .
   [1 0 0 0])
  ("N" .
   [1])
  ("axis=" .
   [1 0 0 0 0])
  ("rs_max" .
   [2 0 0 0 0 0])
  ("dis_max.max" .
   [1 0 0 0 0 0 0 0 0 0 0])
  ("dis_max.min" .
   [1 0 0 0 0 0 0 0 0 0 0])
  ("m_subcl" .
   [2 0 0 0 0 0 0])
  ("dis_max" .
   [5 0 0 0 0 0 0])
  ("posmax" .
   [1 0 0 0 0 0])
  ("inline" .
   [2 0 0 0 0 0])
  ("ax1.set" .
   [1 0 0 0 0 0 0])
  ("plot" .
   [1 0 0 0])
  ("dic" .
   [1 0 0])
  ("var" .
   [2 0 0])
  ("loc" .
   [1 0 0])
  ("np" .
   [7 0])
  ("np.linalg" .
   [2 0 0 0 0 0 1 1 0])
  ("np.linalg.norm" .
   [3 0 0 0 0 0 0 0 0 0 0 0 0 0])
  ("np.argsort" .
   [1 0 0 0 0 0 0 0 0 0])
  ("dist" .
   [1 0 0 0])
  ("_" .
   [2])
  ("pos" .
   [4 0 0])
  ("dist_sort" .
   [1 0 0 0 0 0 1 1 0])
  ("vel" .
   [2 0 0])
  ("vel_sort" .
   [0 0 0 1 0 0 0 0])
  ("norm" .
   [1 0 0 0])
  ("m_sort" .
   [2 0 0 0 1 0])
  ("vel_disp" .
   [1 0 0 0 0 0 0 0])
  ("np.cumsum" .
   [1 0 0 0 0 0 0 1 0])
  ("mv2" .
   [1 0 0])
  ("print" .
   [4 0 0 0 0])
  ("cum_vel_disp2" .
   [0 0 0 0 1 0 0 0 0 0 0 0 0])
  ("ram" .
   [3 0 0])
  ("ram.unit_l_code" .
   [0 0 0 0 0 0 0 0 0 0 0 1 0 0 0])
  ("ram.ds1" .
   [1 0 0 0 0 0 0])
  ("np.zeros" .
   [1 0 0 0 0 0 0 0])
  ("points1" .
   [3 0 0 0 0 0 0])
  ("np.arange" .
   [1 0 0 0 0 0 0 0 0])
  ("np.linspace" .
   [0 0 0 0 0 0 0 0 1 0 0])
  ("pos1" .
   [2 0 0 0])
  ("sample_points" .
   [0 0 0 0 0 0 0 0 0 1 0 0 0])
  ("sp1" .
   [2 0 0])
  ("rho1" .
   [2 0 0 0])
  ("plt" .
   [5 0 0])
  ("plt.plot" .
   [1 0 0 0 0 0 0 0])
  ("plt.subplots" .
   [1 0 0 0 0 0 0 0 0 0 0 0])
  ("plt.show" .
   [3 0 0 0 0 0 0 0])
  ("ax1" .
   [4 0 0])
  ("ax1.plot" .
   [1 0 0 0 0 0 0 0])
  ("ax1.cla" .
   [1 0 0 0 0 0 0])
  ("plt.close" .
   [1 0 0 0 0 0 0 0 0])
  ("get_new" .
   [4 0 0 0 0 0 0])
  ("np.max" .
   [1 0 0 0 0 0])
  ("np.ma" .
   [2 0 0 0 0])
  ("old.shape" .
   [2 0 0 0 0 0 0 0 0])
  ("new" .
   [1 0 0])
  ("ramses" .
   [1 0 0 0 0 0])
  ("np.double" .
   [1 0 0 0 0 0 0 0 0])
  ("n_colden" .
   [0 0 0 0 1 0 0 0])
  ("radiation_module" .
   [0 0 0 0 0 0 0 0 0 0 0 0 1 0 0 0])
  ("np.exp" .
   [1 0 0 0 0 0])
  ("colden_to_tau" .
   [0 0 0 0 0 0 0 1 0 2 0 0 0])
  ("get_old" .
   [2 0 0 0 0 0 0])
  ("get_old_all" .
   [1 0 0 0 0 0 0 0 0 0 0])
  ("np.mean" .
   [1 0 0 0 0 0 0])
  ("new.shape" .
   [1 0 0 0 0 0 0 0 0])
  ("__future__" .
   [0 0 0 0 0 0 1 0 0 0])
  ("print_function" .
   [0 0 0 0 0 0 0 0 0 1 0 0 0 0])
  ("star_surf" .
   [0 0 0 0 0 0 1 0 0])
  ("mass_to_lifetime" .
   [0 0 0 0 0 0 0 1 0 0 0 0 0 0 0 0])
  ("m_maxs" .
   [2 0 0 0 0 0])
  ("m_max" .
   [2 0 0 0 0])
  ("m_cls" .
   [3 0 0 0 0])
  ("m_cl" .
   [1 0 0 0])
  ("t" .
   [1])
  ("lf" .
   [1 0])
  ("center" .
   [2 0 0 0 0 0])
  ("JOBIDS_ALL" .
   [0 0 0 0 0 0 0 0 1 0])
  ("get_slope" .
   [1 0 0 0 0 0 0 0 0])
  ("get_kb" .
   [1 0 0 0 0 0])
  ("scipy.e" .
   [0 0 0 0 0 0 1])
  ("curve_fit" .
   [1 0 0 0 0 0 0 0 0])
  ("b" .
   [2])
  ("log10" .
   [4 0 0 0 0])
  ("k" .
   [1])
  ("mass" .
   [2 0 0 0])
  ("unitv_yt" .
   [1 0 0 0 0 0 0 0])
  ("unitv_to_kms" .
   [0 0 0 0 0 0 0 0 0 1 0 0])))
